n_shots: 92
distribution: checkerboard
coverage_fraction: 0.12352912074080302
coverage_percent: 12.352912074080303
coverage_fraction_nodes: 0.004998077662437524
n_peened: 13
n_total: 2601
avrami_k: 0.0014331717289582959
threshold_m: 1.8267997624525759e-06
almen_intensity_MPa: -1344.253
