n_shots: 84
distribution: checkerboard
coverage_fraction: 0.991882222119758
coverage_percent: 99.1882222119758
coverage_fraction_nodes: 0.18146866589773164
n_peened: 472
n_total: 2601
avrami_k: 0.0573059383610597
threshold_m: 9.329828564579126e-06
almen_intensity_MPa: -5788.373
