n_shots: 49
distribution: checkerboard
coverage_fraction: 0.40407635588605717
coverage_percent: 40.407635588605714
coverage_fraction_nodes: 0.02422145328719723
n_peened: 63
n_total: 2601
avrami_k: 0.010564137429119488
threshold_m: 4.948107775257184e-06
almen_intensity_MPa: -1757.154
