n_shots: 106
distribution: checkerboard
coverage_fraction: 0.20428828697533008
coverage_percent: 20.428828697533007
coverage_fraction_nodes: 0.008073817762399077
n_peened: 21
n_total: 2601
avrami_k: 0.0021558332858866835
threshold_m: 2.2736370372077227e-06
almen_intensity_MPa: -1839.723
