n_shots: 50
distribution: checkerboard
coverage_fraction: 0.5845771727990816
coverage_percent: 58.45771727990816
coverage_fraction_nodes: 0.027297193387158785
n_peened: 71
n_total: 2601
avrami_k: 0.017569168334252795
threshold_m: 5.333116748071712e-06
almen_intensity_MPa: -2276.457
