n_shots: 33
distribution: checkerboard
coverage_fraction: 0.7137300100037408
coverage_percent: 71.37300100037407
coverage_fraction_nodes: 0.04805843906189927
n_peened: 125
n_total: 2601
avrami_k: 0.03790363310617892
threshold_m: 7.959011532291887e-06
almen_intensity_MPa: -3231.678
