n_shots: 24
distribution: checkerboard
coverage_fraction: 0.21424883565679442
coverage_percent: 21.424883565679444
coverage_fraction_nodes: 0.01114955786236063
n_peened: 29
n_total: 2601
avrami_k: 0.010046463395065042
threshold_m: 4.607670533511733e-06
almen_intensity_MPa: -1399.736
