n_shots: 35
distribution: checkerboard
coverage_fraction: 0.2422064691368483
coverage_percent: 24.220646913684828
coverage_fraction_nodes: 0.007689350249903883
n_peened: 20
n_total: 2601
avrami_k: 0.007924123347652606
threshold_m: 3.6764433068290604e-06
almen_intensity_MPa: -1788.666
