n_shots: 43
distribution: checkerboard
coverage_fraction: 0.5222289030709572
coverage_percent: 52.22289030709572
coverage_fraction_nodes: 0.03229527104959631
n_peened: 84
n_total: 2601
avrami_k: 0.017177291579214857
threshold_m: 6.10403485060508e-06
almen_intensity_MPa: -2497.964
