n_shots: 119
distribution: checkerboard
coverage_fraction: 0.5864179012736077
coverage_percent: 58.64179012736077
coverage_fraction_nodes: 0.040369088811995385
n_peened: 105
n_total: 2601
avrami_k: 0.007419321330536945
threshold_m: 4.101402783697189e-06
almen_intensity_MPa: -2791.521
