n_shots: 38
distribution: checkerboard
coverage_fraction: 0.13477918266657407
coverage_percent: 13.477918266657408
coverage_fraction_nodes: 0.006920415224913495
n_peened: 18
n_total: 2601
avrami_k: 0.003809750644064274
threshold_m: 2.921041773463677e-06
almen_intensity_MPa: -2388.050
