n_shots: 97
distribution: checkerboard
coverage_fraction: 0.8020067662550191
coverage_percent: 80.20067662550191
coverage_fraction_nodes: 0.07996924259900039
n_peened: 208
n_total: 2601
avrami_k: 0.016696107442027413
threshold_m: 5.981662734628961e-06
almen_intensity_MPa: -3825.105
