n_shots: 101
distribution: checkerboard
coverage_fraction: 0.6609280824530389
coverage_percent: 66.09280824530389
coverage_fraction_nodes: 0.03998462129950019
n_peened: 104
n_total: 2601
avrami_k: 0.010708347009359138
threshold_m: 4.317642586503369e-06
almen_intensity_MPa: -2574.031
