n_shots: 85
distribution: checkerboard
coverage_fraction: 0.7674393097547265
coverage_percent: 76.74393097547265
coverage_fraction_nodes: 0.06382160707420223
n_peened: 166
n_total: 2601
avrami_k: 0.017160047702411644
threshold_m: 5.7062364055495765e-06
almen_intensity_MPa: -4650.418
