n_shots: 113
distribution: checkerboard
coverage_fraction: 0.9742477205906473
coverage_percent: 97.42477205906474
coverage_fraction_nodes: 0.20222991157247214
n_peened: 526
n_total: 2601
avrami_k: 0.03238258526582798
threshold_m: 8.568695586443369e-06
almen_intensity_MPa: -5402.831
