n_shots: 115
distribution: checkerboard
coverage_fraction: 0.8830238906388355
coverage_percent: 88.30238906388355
coverage_fraction_nodes: 0.07689350249903883
n_peened: 200
n_total: 2601
avrami_k: 0.01865900485677418
threshold_m: 5.727921618513275e-06
almen_intensity_MPa: -3551.183
