n_shots: 109
distribution: checkerboard
coverage_fraction: 0.8334760985611693
coverage_percent: 83.34760985611693
coverage_fraction_nodes: 0.0853517877739331
n_peened: 222
n_total: 2601
avrami_k: 0.016446022272285307
threshold_m: 5.663051886577963e-06
almen_intensity_MPa: -4486.371
