n_shots: 59
distribution: checkerboard
coverage_fraction: 0.3864147087092029
coverage_percent: 38.641470870920294
coverage_fraction_nodes: 0.02229911572472126
n_peened: 58
n_total: 2601
avrami_k: 0.008278576277716068
threshold_m: 4.268154934124792e-06
almen_intensity_MPa: -1842.522
