n_shots: 40
distribution: checkerboard
coverage_fraction: 0.7149899273488509
coverage_percent: 71.49899273488509
coverage_fraction_nodes: 0.04805843906189927
n_peened: 125
n_total: 2601
avrami_k: 0.0313807689175603
threshold_m: 7.313963861663815e-06
almen_intensity_MPa: -2679.306
