n_shots: 30
distribution: checkerboard
coverage_fraction: 0.29195670813824703
coverage_percent: 29.195670813824705
coverage_fraction_nodes: 0.016147635524798153
n_peened: 42
n_total: 2601
avrami_k: 0.011508334682013642
threshold_m: 5.037048729002173e-06
almen_intensity_MPa: -1731.157
