n_shots: 116
distribution: checkerboard
coverage_fraction: 0.88237788976056
coverage_percent: 88.237788976056
coverage_fraction_nodes: 0.09342560553633218
n_peened: 243
n_total: 2601
avrami_k: 0.018450674559910004
threshold_m: 5.75011423922567e-06
almen_intensity_MPa: -4248.792
