n_shots: 24
distribution: checkerboard
coverage_fraction: 0.12006390377472953
coverage_percent: 12.006390377472954
coverage_fraction_nodes: 0.00461361014994233
n_peened: 12
n_total: 2601
avrami_k: 0.005329416336355133
threshold_m: 3.5768695423448668e-06
almen_intensity_MPa: -853.860
