n_shots: 112
distribution: checkerboard
coverage_fraction: 0.8881276780455506
coverage_percent: 88.81276780455507
coverage_fraction_nodes: 0.08996539792387544
n_peened: 234
n_total: 2601
avrami_k: 0.019557116433133535
threshold_m: 6.067053838267122e-06
almen_intensity_MPa: -3989.627
