n_shots: 81
distribution: checkerboard
coverage_fraction: 0.9084354172999664
coverage_percent: 90.84354172999663
coverage_fraction_nodes: 0.11649365628604383
n_peened: 303
n_total: 2601
avrami_k: 0.02951494733107987
threshold_m: 7.834775837102624e-06
almen_intensity_MPa: -3631.185
