n_shots: 111
distribution: checkerboard
coverage_fraction: 0.44280826563301556
coverage_percent: 44.28082656330156
coverage_fraction_nodes: 0.032679738562091505
n_peened: 85
n_total: 2601
avrami_k: 0.005268881724474068
threshold_m: 3.522799987957097e-06
almen_intensity_MPa: -2713.384
