n_shots: 69
distribution: checkerboard
coverage_fraction: 0.9248440203640237
coverage_percent: 92.48440203640237
coverage_fraction_nodes: 0.10457516339869281
n_peened: 272
n_total: 2601
avrami_k: 0.037509994153733676
threshold_m: 8.078126997489332e-06
almen_intensity_MPa: -4155.646
