n_shots: 48
distribution: checkerboard
coverage_fraction: 0.5048958329046375
coverage_percent: 50.48958329046375
coverage_fraction_nodes: 0.03344867358708189
n_peened: 87
n_total: 2601
avrami_k: 0.014645564582834336
threshold_m: 5.401762530218663e-06
almen_intensity_MPa: -2482.898
