n_shots: 105
distribution: checkerboard
coverage_fraction: 0.8138410526791713
coverage_percent: 81.38410526791714
coverage_fraction_nodes: 0.09611687812379854
n_peened: 250
n_total: 2601
avrami_k: 0.01601099442576444
threshold_m: 6.133343044045389e-06
almen_intensity_MPa: -4893.565
