n_shots: 95
distribution: checkerboard
coverage_fraction: 0.6655588183012493
coverage_percent: 66.55588183012493
coverage_fraction_nodes: 0.05190311418685121
n_peened: 135
n_total: 2601
avrami_k: 0.011529413203589932
threshold_m: 5.070369099710716e-06
almen_intensity_MPa: -3057.084
