n_shots: 84
distribution: checkerboard
coverage_fraction: 0.9094953989679877
coverage_percent: 90.94953989679877
coverage_fraction_nodes: 0.0918877354863514
n_peened: 239
n_total: 2601
avrami_k: 0.02859945939804572
threshold_m: 7.08600309292988e-06
almen_intensity_MPa: -3496.670
