n_shots: 102
distribution: checkerboard
coverage_fraction: 0.6877485472006619
coverage_percent: 68.77485472006619
coverage_fraction_nodes: 0.0530565167243368
n_peened: 138
n_total: 2601
avrami_k: 0.011411239973600468
threshold_m: 5.0637318932881545e-06
almen_intensity_MPa: -2549.375
