n_shots: 83
distribution: checkerboard
coverage_fraction: 0.8847558016080189
coverage_percent: 88.4755801608019
coverage_fraction_nodes: 0.0853517877739331
n_peened: 222
n_total: 2601
avrami_k: 0.02603255346631924
threshold_m: 6.689585917865779e-06
almen_intensity_MPa: -3401.388
