n_shots: 110
distribution: checkerboard
coverage_fraction: 0.48177913418243257
coverage_percent: 48.17791341824326
coverage_fraction_nodes: 0.028450595924644367
n_peened: 74
n_total: 2601
avrami_k: 0.0059759431428216755
threshold_m: 3.6669371048025725e-06
almen_intensity_MPa: -2556.604
