n_shots: 88
distribution: checkerboard
coverage_fraction: 0.41111994911671135
coverage_percent: 41.11199491167113
coverage_fraction_nodes: 0.02114571318723568
n_peened: 55
n_total: 2601
avrami_k: 0.006017417782100017
threshold_m: 3.197438472766101e-06
almen_intensity_MPa: -2057.186
