n_shots: 54
distribution: checkerboard
coverage_fraction: 0.7162913602705101
coverage_percent: 71.629136027051
coverage_fraction_nodes: 0.06343713956170703
n_peened: 165
n_total: 2601
avrami_k: 0.023329768219979074
threshold_m: 6.909652875066667e-06
almen_intensity_MPa: -3163.633
