n_shots: 108
distribution: checkerboard
coverage_fraction: 0.9717566017802799
coverage_percent: 97.17566017802798
coverage_fraction_nodes: 0.14609765474817377
n_peened: 380
n_total: 2601
avrami_k: 0.0330268105558991
threshold_m: 7.677086226360434e-06
almen_intensity_MPa: -3823.153
