n_shots: 81
distribution: checkerboard
coverage_fraction: 0.908045942162525
coverage_percent: 90.8045942162525
coverage_fraction_nodes: 0.09727028066128413
n_peened: 253
n_total: 2601
avrami_k: 0.02946254565422566
threshold_m: 6.964269265777578e-06
almen_intensity_MPa: -3059.244
