n_shots: 83
distribution: checkerboard
coverage_fraction: 0.9313214668139741
coverage_percent: 93.13214668139742
coverage_fraction_nodes: 0.15955401768550556
n_peened: 415
n_total: 2601
avrami_k: 0.032268898800029554
threshold_m: 8.72542630141493e-06
almen_intensity_MPa: -4979.622
