n_shots: 81
distribution: checkerboard
coverage_fraction: 0.7292211250263047
coverage_percent: 72.92211250263047
coverage_fraction_nodes: 0.05690119184928873
n_peened: 148
n_total: 2601
avrami_k: 0.016129046304756176
threshold_m: 5.427384688342936e-06
almen_intensity_MPa: -3009.626
