n_shots: 118
distribution: checkerboard
coverage_fraction: 0.9836787164752266
coverage_percent: 98.36787164752266
coverage_fraction_nodes: 0.20338331410995772
n_peened: 529
n_total: 2601
avrami_k: 0.03487529902701194
threshold_m: 8.655458927352591e-06
almen_intensity_MPa: -7321.735
