n_shots: 77
distribution: checkerboard
coverage_fraction: 0.9659790087421094
coverage_percent: 96.59790087421094
coverage_fraction_nodes: 0.12264513648596694
n_peened: 319
n_total: 2601
avrami_k: 0.043906202012139954
threshold_m: 8.669177685022125e-06
almen_intensity_MPa: -8102.746
