n_shots: 60
distribution: checkerboard
coverage_fraction: 0.2574182264560423
coverage_percent: 25.74182264560423
coverage_fraction_nodes: 0.013456362937331795
n_peened: 35
n_total: 2601
avrami_k: 0.004960371360838501
threshold_m: 3.0335941489347106e-06
almen_intensity_MPa: -2085.575
