n_shots: 49
distribution: checkerboard
coverage_fraction: 0.46730358075959855
coverage_percent: 46.730358075959856
coverage_fraction_nodes: 0.025374855824682813
n_peened: 66
n_total: 2601
avrami_k: 0.012853134428332387
threshold_m: 4.748044158937475e-06
almen_intensity_MPa: -2541.234
