n_shots: 117
distribution: checkerboard
coverage_fraction: 0.803739798857145
coverage_percent: 80.37397988571449
coverage_fraction_nodes: 0.0918877354863514
n_peened: 239
n_total: 2601
avrami_k: 0.013917213190810192
threshold_m: 5.769139477503114e-06
almen_intensity_MPa: -4070.069
