n_shots: 84
distribution: checkerboard
coverage_fraction: 0.8780349320393077
coverage_percent: 87.80349320393077
coverage_fraction_nodes: 0.10265282583621683
n_peened: 267
n_total: 2601
avrami_k: 0.025047864326662738
threshold_m: 7.256985350236764e-06
almen_intensity_MPa: -3385.453
