n_shots: 60
distribution: checkerboard
coverage_fraction: 0.29284185187006206
coverage_percent: 29.284185187006205
coverage_fraction_nodes: 0.01653210303729335
n_peened: 43
n_total: 2601
avrami_k: 0.005775015818173456
threshold_m: 3.538041548941253e-06
almen_intensity_MPa: -1886.289
