n_shots: 108
distribution: checkerboard
coverage_fraction: 0.8257567092251198
coverage_percent: 82.57567092251197
coverage_fraction_nodes: 0.08958093041138024
n_peened: 233
n_total: 2601
avrami_k: 0.016178729014137003
threshold_m: 6.125802192425313e-06
almen_intensity_MPa: -3808.895
