n_shots: 67
distribution: checkerboard
coverage_fraction: 0.840189608171215
coverage_percent: 84.0189608171215
coverage_fraction_nodes: 0.0861207227989235
n_peened: 224
n_total: 2601
avrami_k: 0.02736965996338295
threshold_m: 7.745882596638894e-06
almen_intensity_MPa: -3112.858
