n_shots: 102
distribution: checkerboard
coverage_fraction: 0.7463341471400773
coverage_percent: 74.63341471400773
coverage_fraction_nodes: 0.07151095732410612
n_peened: 186
n_total: 2601
avrami_k: 0.013448406058504583
threshold_m: 5.475330139931649e-06
almen_intensity_MPa: -4240.758
