n_shots: 42
distribution: checkerboard
coverage_fraction: 0.22990175522805545
coverage_percent: 22.990175522805544
coverage_fraction_nodes: 0.014225297962322183
n_peened: 37
n_total: 2601
avrami_k: 0.006219932896678153
threshold_m: 3.323744866022937e-06
almen_intensity_MPa: -1802.392
