n_shots: 67
distribution: checkerboard
coverage_fraction: 0.18198031655426428
coverage_percent: 18.198031655426426
coverage_fraction_nodes: 0.006920415224913495
n_peened: 18
n_total: 2601
avrami_k: 0.002998042981743272
threshold_m: 2.407474983945424e-06
almen_intensity_MPa: -1457.741
