n_shots: 117
distribution: checkerboard
coverage_fraction: 0.7006573582126452
coverage_percent: 70.06573582126452
coverage_fraction_nodes: 0.0461361014994233
n_peened: 120
n_total: 2601
avrami_k: 0.010309114551678699
threshold_m: 4.283215978100129e-06
almen_intensity_MPa: -4900.205
