n_shots: 77
distribution: checkerboard
coverage_fraction: 0.7856237134519594
coverage_percent: 78.56237134519594
coverage_fraction_nodes: 0.04344482891195694
n_peened: 113
n_total: 2601
avrami_k: 0.02000029168428135
threshold_m: 5.527462927322643e-06
almen_intensity_MPa: -2905.542
