n_shots: 27
distribution: checkerboard
coverage_fraction: 0.5180534835766697
coverage_percent: 51.80534835766697
coverage_fraction_nodes: 0.04306036139946175
n_peened: 112
n_total: 2601
avrami_k: 0.027034153069095308
threshold_m: 8.065600104190654e-06
almen_intensity_MPa: -2204.781
