n_shots: 83
distribution: checkerboard
coverage_fraction: 0.8387999444622581
coverage_percent: 83.87999444622581
coverage_fraction_nodes: 0.08150711264898117
n_peened: 212
n_total: 2601
avrami_k: 0.021989266317864267
threshold_m: 6.955724805343753e-06
almen_intensity_MPa: -3669.151
