n_shots: 74
distribution: checkerboard
coverage_fraction: 0.9132162312859116
coverage_percent: 91.32162312859116
coverage_fraction_nodes: 0.09265667051134178
n_peened: 241
n_total: 2601
avrami_k: 0.03303156312409873
threshold_m: 7.152390431163179e-06
almen_intensity_MPa: -4061.550
