n_shots: 70
distribution: checkerboard
coverage_fraction: 0.8355583004941924
coverage_percent: 83.55583004941924
coverage_fraction_nodes: 0.06805074971164937
n_peened: 177
n_total: 2601
avrami_k: 0.02578855974134179
threshold_m: 6.269579489080416e-06
almen_intensity_MPa: -3547.584
