n_shots: 27
distribution: checkerboard
coverage_fraction: 0.4145728745968311
coverage_percent: 41.457287459683116
coverage_fraction_nodes: 0.019992310649750097
n_peened: 52
n_total: 2601
avrami_k: 0.019830132195200217
threshold_m: 6.401911577043863e-06
almen_intensity_MPa: -1641.452
