n_shots: 64
distribution: checkerboard
coverage_fraction: 0.6077240594225549
coverage_percent: 60.77240594225549
coverage_fraction_nodes: 0.03383314109957709
n_peened: 88
n_total: 2601
avrami_k: 0.014621714949839328
threshold_m: 5.444434605519715e-06
almen_intensity_MPa: -1889.289
