n_shots: 30
distribution: checkerboard
coverage_fraction: 0.17732012176089818
coverage_percent: 17.732012176089818
coverage_fraction_nodes: 0.007304882737408689
n_peened: 19
n_total: 2601
avrami_k: 0.006506270776868839
threshold_m: 3.4688704296848475e-06
almen_intensity_MPa: -1103.975
