n_shots: 51
distribution: checkerboard
coverage_fraction: 0.651409139641063
coverage_percent: 65.14091396410629
coverage_fraction_nodes: 0.0530565167243368
n_peened: 138
n_total: 2601
avrami_k: 0.02066385028181624
threshold_m: 6.860283518216066e-06
almen_intensity_MPa: -2150.945
