n_shots: 24
distribution: checkerboard
coverage_fraction: 0.6411057358621048
coverage_percent: 64.11057358621048
coverage_fraction_nodes: 0.041138023836985775
n_peened: 107
n_total: 2601
avrami_k: 0.0426969776141585
threshold_m: 8.06935379090554e-06
almen_intensity_MPa: -2773.526
