n_shots: 54
distribution: checkerboard
coverage_fraction: 0.7289417374599549
coverage_percent: 72.89417374599549
coverage_fraction_nodes: 0.0457516339869281
n_peened: 119
n_total: 2601
avrami_k: 0.024174472042351805
threshold_m: 6.5966855909170406e-06
almen_intensity_MPa: -2905.601
