n_shots: 45
distribution: checkerboard
coverage_fraction: 0.478951019536037
coverage_percent: 47.8951019536037
coverage_fraction_nodes: 0.019223375624759707
n_peened: 50
n_total: 2601
avrami_k: 0.01448691620535157
threshold_m: 4.873460918365055e-06
almen_intensity_MPa: -1912.658
