n_shots: 96
distribution: checkerboard
coverage_fraction: 0.9247057940809993
coverage_percent: 92.47057940809992
coverage_fraction_nodes: 0.08996539792387544
n_peened: 234
n_total: 2601
avrami_k: 0.026941167643371355
threshold_m: 6.8749053725198364e-06
almen_intensity_MPa: -3908.557
