n_shots: 111
distribution: checkerboard
coverage_fraction: 0.6813188819311564
coverage_percent: 68.13188819311564
coverage_fraction_nodes: 0.04728950403690888
n_peened: 123
n_total: 2601
avrami_k: 0.010302381135483653
threshold_m: 4.598690841945225e-06
almen_intensity_MPa: -3198.466
