n_shots: 67
distribution: checkerboard
coverage_fraction: 0.3994974601023006
coverage_percent: 39.94974601023006
coverage_fraction_nodes: 0.019992310649750097
n_peened: 52
n_total: 2601
avrami_k: 0.007611767281088206
threshold_m: 3.837445037758692e-06
almen_intensity_MPa: -1964.617
