n_shots: 105
distribution: checkerboard
coverage_fraction: 0.9314097436015121
coverage_percent: 93.1409743601512
coverage_fraction_nodes: 0.14648212226066898
n_peened: 381
n_total: 2601
avrami_k: 0.02552004561281608
threshold_m: 7.7409620636937e-06
almen_intensity_MPa: -5744.578
