n_shots: 32
distribution: checkerboard
coverage_fraction: 0.6155686114656134
coverage_percent: 61.55686114656134
coverage_fraction_nodes: 0.0457516339869281
n_peened: 119
n_total: 2601
avrami_k: 0.029874685915717
threshold_m: 7.796797116702319e-06
almen_intensity_MPa: -2940.097
