n_shots: 34
distribution: checkerboard
coverage_fraction: 0.6686339083689383
coverage_percent: 66.86339083689383
coverage_fraction_nodes: 0.0526720492118416
n_peened: 137
n_total: 2601
avrami_k: 0.03248622052291193
threshold_m: 7.765573271932305e-06
almen_intensity_MPa: -2686.656
