n_shots: 70
distribution: checkerboard
coverage_fraction: 0.7787381973523116
coverage_percent: 77.87381973523117
coverage_fraction_nodes: 0.07458669742406766
n_peened: 194
n_total: 2601
avrami_k: 0.02154869501738031
threshold_m: 6.877136018082292e-06
almen_intensity_MPa: -4799.299
