n_shots: 38
distribution: checkerboard
coverage_fraction: 0.4229745577645978
coverage_percent: 42.29745577645978
coverage_fraction_nodes: 0.0265282583621684
n_peened: 69
n_total: 2601
avrami_k: 0.014470234722385563
threshold_m: 5.526761213456632e-06
almen_intensity_MPa: -1996.239
