n_shots: 29
distribution: checkerboard
coverage_fraction: 0.16847750448101517
coverage_percent: 16.847750448101518
coverage_fraction_nodes: 0.007689350249903883
n_peened: 20
n_total: 2601
avrami_k: 0.006361962985283359
threshold_m: 3.8591442915948135e-06
almen_intensity_MPa: -1468.195
