n_shots: 97
distribution: checkerboard
coverage_fraction: 0.4665482816028199
coverage_percent: 46.654828160281994
coverage_fraction_nodes: 0.0265282583621684
n_peened: 69
n_total: 2601
avrami_k: 0.006478213526389686
threshold_m: 3.864482831782725e-06
almen_intensity_MPa: -2522.933
