n_shots: 87
distribution: checkerboard
coverage_fraction: 0.5751590684231218
coverage_percent: 57.515906842312184
coverage_fraction_nodes: 0.041138023836985775
n_peened: 107
n_total: 2601
avrami_k: 0.009839545502989572
threshold_m: 4.524113280878507e-06
almen_intensity_MPa: -2533.660
