n_shots: 56
distribution: checkerboard
coverage_fraction: 0.20289202785272387
coverage_percent: 20.289202785272387
coverage_fraction_nodes: 0.008073817762399077
n_peened: 21
n_total: 2601
avrami_k: 0.004049377431410017
threshold_m: 2.8424123941850872e-06
almen_intensity_MPa: -1698.636
