n_shots: 82
distribution: checkerboard
coverage_fraction: 0.7677315128560603
coverage_percent: 76.77315128560603
coverage_fraction_nodes: 0.07766243752402922
n_peened: 202
n_total: 2601
avrami_k: 0.017803186637401523
threshold_m: 6.549200898788387e-06
almen_intensity_MPa: -3890.557
