n_shots: 37
distribution: checkerboard
coverage_fraction: 0.1856328479390078
coverage_percent: 18.56328479390078
coverage_fraction_nodes: 0.008842752787389465
n_peened: 23
n_total: 2601
avrami_k: 0.0055498369706116985
threshold_m: 3.597287378236301e-06
almen_intensity_MPa: -1266.941
