n_shots: 96
distribution: checkerboard
coverage_fraction: 0.4794271844586926
coverage_percent: 47.94271844586926
coverage_fraction_nodes: 0.032679738562091505
n_peened: 85
n_total: 2601
avrami_k: 0.006800265680616771
threshold_m: 3.7252013562968433e-06
almen_intensity_MPa: -2899.827
