n_shots: 65
distribution: checkerboard
coverage_fraction: 0.8908579393497971
coverage_percent: 89.0857939349797
coverage_fraction_nodes: 0.08381391772395233
n_peened: 218
n_total: 2601
avrami_k: 0.034078537486232664
threshold_m: 7.3695319187793485e-06
almen_intensity_MPa: -3417.983
