n_shots: 111
distribution: checkerboard
coverage_fraction: 0.5126271801488343
coverage_percent: 51.26271801488343
coverage_fraction_nodes: 0.03690888119953864
n_peened: 96
n_total: 2601
avrami_k: 0.006475008152581442
threshold_m: 3.791151490141803e-06
almen_intensity_MPa: -2948.349
