n_shots: 20
distribution: checkerboard
coverage_fraction: 0.10034601920331876
coverage_percent: 10.034601920331877
coverage_fraction_nodes: 0.004998077662437524
n_peened: 13
n_total: 2601
avrami_k: 0.005287252768260437
threshold_m: 3.0173686694746763e-06
almen_intensity_MPa: -1416.958
