n_shots: 111
distribution: checkerboard
coverage_fraction: 0.6980509609495604
coverage_percent: 69.80509609495604
coverage_fraction_nodes: 0.03998462129950019
n_peened: 104
n_total: 2601
avrami_k: 0.010788261447859266
threshold_m: 4.394833616140436e-06
almen_intensity_MPa: -2789.007
