n_shots: 118
distribution: checkerboard
coverage_fraction: 0.33375756661174627
coverage_percent: 33.37575666117463
coverage_fraction_nodes: 0.028450595924644367
n_peened: 74
n_total: 2601
avrami_k: 0.00344153949646041
threshold_m: 2.87765580173044e-06
almen_intensity_MPa: -2493.846
