n_shots: 111
distribution: checkerboard
coverage_fraction: 0.8498947499826742
coverage_percent: 84.98947499826743
coverage_fraction_nodes: 0.09650134563629373
n_peened: 251
n_total: 2601
avrami_k: 0.017084851929340134
threshold_m: 6.364490565225553e-06
almen_intensity_MPa: -4911.647
