n_shots: 50
distribution: checkerboard
coverage_fraction: 0.4344579723087816
coverage_percent: 43.445797230878156
coverage_fraction_nodes: 0.02575932333717801
n_peened: 67
n_total: 2601
avrami_k: 0.0113994133332564
threshold_m: 5.160557796187714e-06
almen_intensity_MPa: -2726.964
