n_shots: 82
distribution: checkerboard
coverage_fraction: 0.19924988256946752
coverage_percent: 19.92498825694675
coverage_fraction_nodes: 0.012302960399846213
n_peened: 32
n_total: 2601
avrami_k: 0.0027098334614902406
threshold_m: 2.54764935219582e-06
almen_intensity_MPa: -1934.796
