n_shots: 103
distribution: checkerboard
coverage_fraction: 0.8207568965644518
coverage_percent: 82.07568965644518
coverage_fraction_nodes: 0.058823529411764705
n_peened: 153
n_total: 2601
avrami_k: 0.01668943956116683
threshold_m: 5.234457708525012e-06
almen_intensity_MPa: -3208.387
