n_shots: 46
distribution: checkerboard
coverage_fraction: 0.31168597421929145
coverage_percent: 31.168597421929146
coverage_fraction_nodes: 0.014994232987312572
n_peened: 39
n_total: 2601
avrami_k: 0.008119785051342835
threshold_m: 3.6122481123604607e-06
almen_intensity_MPa: -2348.488
