n_shots: 92
distribution: checkerboard
coverage_fraction: 0.46864546025092957
coverage_percent: 46.864546025092956
coverage_fraction_nodes: 0.02883506343713956
n_peened: 75
n_total: 2601
avrami_k: 0.006873106493458273
threshold_m: 4.011128562920449e-06
almen_intensity_MPa: -1811.243
