n_shots: 72
distribution: checkerboard
coverage_fraction: 0.6159734695957493
coverage_percent: 61.59734695957493
coverage_fraction_nodes: 0.040753556324490584
n_peened: 106
n_total: 2601
avrami_k: 0.013292272766480324
threshold_m: 5.165188864284284e-06
almen_intensity_MPa: -2941.403
