n_shots: 94
distribution: checkerboard
coverage_fraction: 0.7412792064836644
coverage_percent: 74.12792064836644
coverage_fraction_nodes: 0.06228373702422145
n_peened: 162
n_total: 2601
avrami_k: 0.014383040596517446
threshold_m: 5.100187640464126e-06
almen_intensity_MPa: -3784.111
