n_shots: 120
distribution: checkerboard
coverage_fraction: 0.6589949747036252
coverage_percent: 65.89949747036252
coverage_fraction_nodes: 0.058054594386774315
n_peened: 151
n_total: 2601
avrami_k: 0.008965483873897435
threshold_m: 4.583736943334543e-06
almen_intensity_MPa: -3595.364
