n_shots: 102
distribution: checkerboard
coverage_fraction: 0.49137219941614985
coverage_percent: 49.13721994161499
coverage_fraction_nodes: 0.030757400999615533
n_peened: 80
n_total: 2601
avrami_k: 0.006627831044014217
threshold_m: 3.713762152262378e-06
almen_intensity_MPa: -3202.503
