n_shots: 54
distribution: checkerboard
coverage_fraction: 0.11462916123994049
coverage_percent: 11.462916123994049
coverage_fraction_nodes: 0.0057670126874279125
n_peened: 15
n_total: 2601
avrami_k: 0.002254605460998428
threshold_m: 2.2580013490652147e-06
almen_intensity_MPa: -1566.040
