n_shots: 48
distribution: checkerboard
coverage_fraction: 0.3629245121482878
coverage_percent: 36.29245121482878
coverage_fraction_nodes: 0.016916570549788543
n_peened: 44
n_total: 2601
avrami_k: 0.009393065107696935
threshold_m: 4.614454713575062e-06
almen_intensity_MPa: -1854.809
