n_shots: 114
distribution: checkerboard
coverage_fraction: 0.9397900386316996
coverage_percent: 93.97900386316996
coverage_fraction_nodes: 0.13341022683583237
n_peened: 347
n_total: 2601
avrami_k: 0.024648398851947282
threshold_m: 7.077834864702188e-06
almen_intensity_MPa: -6194.218
