n_shots: 84
distribution: checkerboard
coverage_fraction: 0.8316606308292906
coverage_percent: 83.16606308292907
coverage_fraction_nodes: 0.08112264513648597
n_peened: 211
n_total: 2601
avrami_k: 0.0212115866971197
threshold_m: 6.422764659848058e-06
almen_intensity_MPa: -4286.382
