n_shots: 46
distribution: checkerboard
coverage_fraction: 0.27737326067226054
coverage_percent: 27.737326067226054
coverage_fraction_nodes: 0.009996155324875048
n_peened: 26
n_total: 2601
avrami_k: 0.007062227317930182
threshold_m: 4.034768726047159e-06
almen_intensity_MPa: -1282.821
