n_shots: 93
distribution: checkerboard
coverage_fraction: 0.9258343530355517
coverage_percent: 92.58343530355518
coverage_fraction_nodes: 0.10419069588619762
n_peened: 271
n_total: 2601
avrami_k: 0.027972625967015295
threshold_m: 6.912113217252756e-06
almen_intensity_MPa: -3639.002
