n_shots: 84
distribution: checkerboard
coverage_fraction: 0.2745077200711393
coverage_percent: 27.450772007113933
coverage_fraction_nodes: 0.01730103806228374
n_peened: 45
n_total: 2601
avrami_k: 0.0038202958065458445
threshold_m: 3.0156937132010244e-06
almen_intensity_MPa: -2494.995
