n_shots: 30
distribution: checkerboard
coverage_fraction: 0.5256430441769537
coverage_percent: 52.564304417695375
coverage_fraction_nodes: 0.030757400999615533
n_peened: 80
n_total: 2601
avrami_k: 0.02485983897821259
threshold_m: 6.8809042676536544e-06
almen_intensity_MPa: -3849.614
