n_shots: 105
distribution: checkerboard
coverage_fraction: 0.9271083066609375
coverage_percent: 92.71083066609374
coverage_fraction_nodes: 0.11726259131103421
n_peened: 305
n_total: 2601
avrami_k: 0.02494076754691504
threshold_m: 6.909163009931868e-06
almen_intensity_MPa: -4475.564
