n_shots: 30
distribution: checkerboard
coverage_fraction: 0.2822234304754512
coverage_percent: 28.222343047545117
coverage_fraction_nodes: 0.014994232987312572
n_peened: 39
n_total: 2601
avrami_k: 0.011053231428935256
threshold_m: 4.921672008726734e-06
almen_intensity_MPa: -2080.079
