n_shots: 23
distribution: checkerboard
coverage_fraction: 0.39836670038404076
coverage_percent: 39.83667003840408
coverage_fraction_nodes: 0.016916570549788543
n_peened: 44
n_total: 2601
avrami_k: 0.022091615483613367
threshold_m: 6.357206990009366e-06
almen_intensity_MPa: -1563.363
