n_shots: 79
distribution: checkerboard
coverage_fraction: 0.926277683975028
coverage_percent: 92.62776839750279
coverage_fraction_nodes: 0.10880430603613994
n_peened: 283
n_total: 2601
avrami_k: 0.033005692786911026
threshold_m: 7.5279339697080885e-06
almen_intensity_MPa: -4122.401
