n_shots: 42
distribution: checkerboard
coverage_fraction: 0.6431379849680788
coverage_percent: 64.31379849680788
coverage_fraction_nodes: 0.049211841599384853
n_peened: 128
n_total: 2601
avrami_k: 0.024533478200793817
threshold_m: 7.137775013626926e-06
almen_intensity_MPa: -3043.355
