n_shots: 21
distribution: checkerboard
coverage_fraction: 0.2513389110274493
coverage_percent: 25.133891102744933
coverage_fraction_nodes: 0.013456362937331795
n_peened: 35
n_total: 2601
avrami_k: 0.013784232502373619
threshold_m: 5.762108440893236e-06
almen_intensity_MPa: -1549.976
