n_shots: 41
distribution: checkerboard
coverage_fraction: 0.44330933693454433
coverage_percent: 44.33093369345443
coverage_fraction_nodes: 0.027297193387158785
n_peened: 71
n_total: 2601
avrami_k: 0.014286476972325008
threshold_m: 5.60085915953785e-06
almen_intensity_MPa: -2616.561
