n_shots: 24
distribution: checkerboard
coverage_fraction: 0.3337955540564044
coverage_percent: 33.37955540564044
coverage_fraction_nodes: 0.01384083044982699
n_peened: 36
n_total: 2601
avrami_k: 0.016923278319080075
threshold_m: 5.866270758965452e-06
almen_intensity_MPa: -1318.053
