n_shots: 49
distribution: checkerboard
coverage_fraction: 0.26894607729693343
coverage_percent: 26.89460772969334
coverage_fraction_nodes: 0.01653210303729335
n_peened: 43
n_total: 2601
avrami_k: 0.0063932256384743235
threshold_m: 3.727594448525136e-06
almen_intensity_MPa: -2756.730
