n_shots: 68
distribution: checkerboard
coverage_fraction: 0.4665107908273215
coverage_percent: 46.65107908273215
coverage_fraction_nodes: 0.021530180699730873
n_peened: 56
n_total: 2601
avrami_k: 0.009239947572431467
threshold_m: 4.1287768140408415e-06
almen_intensity_MPa: -1797.539
