n_shots: 66
distribution: checkerboard
coverage_fraction: 0.32025901560761616
coverage_percent: 32.02590156076162
coverage_fraction_nodes: 0.011918492887351018
n_peened: 31
n_total: 2601
avrami_k: 0.0058491433133356875
threshold_m: 3.0163099898699464e-06
almen_intensity_MPa: -2616.852
