n_shots: 28
distribution: checkerboard
coverage_fraction: 0.46810755771290113
coverage_percent: 46.81075577129011
coverage_fraction_nodes: 0.021530180699730873
n_peened: 56
n_total: 2601
avrami_k: 0.02254692807974699
threshold_m: 5.993100306075206e-06
almen_intensity_MPa: -1933.285
