n_shots: 69
distribution: checkerboard
coverage_fraction: 0.6935455986224952
coverage_percent: 69.35455986224952
coverage_fraction_nodes: 0.05459438677431757
n_peened: 142
n_total: 2601
avrami_k: 0.017140381256350597
threshold_m: 5.990422805384218e-06
almen_intensity_MPa: -2688.565
