n_shots: 65
distribution: checkerboard
coverage_fraction: 0.36458999465407604
coverage_percent: 36.4589994654076
coverage_fraction_nodes: 0.01653210303729335
n_peened: 43
n_total: 2601
avrami_k: 0.006976689395992267
threshold_m: 3.2585082869796965e-06
almen_intensity_MPa: -2507.408
