n_shots: 63
distribution: checkerboard
coverage_fraction: 0.6888960228284144
coverage_percent: 68.88960228284145
coverage_fraction_nodes: 0.048827374086889655
n_peened: 127
n_total: 2601
avrami_k: 0.01853377922123608
threshold_m: 6.012556825033991e-06
almen_intensity_MPa: -3493.757
