n_shots: 79
distribution: checkerboard
coverage_fraction: 0.9924997248993721
coverage_percent: 99.2499724899372
coverage_fraction_nodes: 0.18569780853517878
n_peened: 483
n_total: 2601
avrami_k: 0.06193437441808673
threshold_m: 9.704080777199439e-06
almen_intensity_MPa: -5951.345
