n_shots: 63
distribution: checkerboard
coverage_fraction: 0.9187735264173493
coverage_percent: 91.87735264173493
coverage_fraction_nodes: 0.09496347558631296
n_peened: 247
n_total: 2601
avrami_k: 0.03984942945408782
threshold_m: 8.319636579219912e-06
almen_intensity_MPa: -3350.064
