n_shots: 60
distribution: checkerboard
coverage_fraction: 0.2473655106491499
coverage_percent: 24.73655106491499
coverage_fraction_nodes: 0.009611687812379853
n_peened: 25
n_total: 2601
avrami_k: 0.004736259582306578
threshold_m: 2.8055045545960265e-06
almen_intensity_MPa: -1966.829
