n_shots: 69
distribution: checkerboard
coverage_fraction: 0.6633287273040798
coverage_percent: 66.33287273040797
coverage_fraction_nodes: 0.048827374086889655
n_peened: 127
n_total: 2601
avrami_k: 0.015777511255558246
threshold_m: 5.867081339168411e-06
almen_intensity_MPa: -2518.177
