n_shots: 85
distribution: checkerboard
coverage_fraction: 0.7834768313215976
coverage_percent: 78.34768313215976
coverage_fraction_nodes: 0.06535947712418301
n_peened: 170
n_total: 2601
avrami_k: 0.018000679089228384
threshold_m: 5.874401207246764e-06
almen_intensity_MPa: -4441.827
