n_shots: 47
distribution: checkerboard
coverage_fraction: 0.3589074574801585
coverage_percent: 35.89074574801585
coverage_fraction_nodes: 0.02229911572472126
n_peened: 58
n_total: 2601
avrami_k: 0.009459180008005948
threshold_m: 4.75493814791442e-06
almen_intensity_MPa: -1972.479
