n_shots: 76
distribution: checkerboard
coverage_fraction: 0.798996278462471
coverage_percent: 79.8996278462471
coverage_fraction_nodes: 0.07920030757400999
n_peened: 206
n_total: 2601
avrami_k: 0.021110945473452356
threshold_m: 6.919333611900708e-06
almen_intensity_MPa: -3254.506
