n_shots: 56
distribution: checkerboard
coverage_fraction: 0.43937880619951375
coverage_percent: 43.93788061995137
coverage_fraction_nodes: 0.0196078431372549
n_peened: 51
n_total: 2601
avrami_k: 0.010334104203566584
threshold_m: 4.048819265297087e-06
almen_intensity_MPa: -2716.487
