n_shots: 103
distribution: checkerboard
coverage_fraction: 0.6069799220919236
coverage_percent: 60.697992209192364
coverage_fraction_nodes: 0.040369088811995385
n_peened: 105
n_total: 2601
avrami_k: 0.009066937665953822
threshold_m: 4.38542111006803e-06
almen_intensity_MPa: -2988.724
