n_shots: 112
distribution: checkerboard
coverage_fraction: 0.20008135831685325
coverage_percent: 20.008135831685326
coverage_fraction_nodes: 0.008458285274894272
n_peened: 22
n_total: 2601
avrami_k: 0.001993261199838018
threshold_m: 2.177905730323036e-06
almen_intensity_MPa: -1598.144
