n_shots: 40
distribution: checkerboard
coverage_fraction: 0.3585476852489514
coverage_percent: 35.85476852489514
coverage_fraction_nodes: 0.019223375624759707
n_peened: 50
n_total: 2601
avrami_k: 0.011100510791764284
threshold_m: 4.654600547835602e-06
almen_intensity_MPa: -2267.000
