n_shots: 92
distribution: checkerboard
coverage_fraction: 0.6383468644660819
coverage_percent: 63.83468644660819
coverage_fraction_nodes: 0.041906958861976165
n_peened: 109
n_total: 2601
avrami_k: 0.01105510560484623
threshold_m: 5.018516176859472e-06
almen_intensity_MPa: -2117.147
