n_shots: 82
distribution: checkerboard
coverage_fraction: 0.30957495832002246
coverage_percent: 30.957495832002245
coverage_fraction_nodes: 0.012302960399846213
n_peened: 32
n_total: 2601
avrami_k: 0.004517656934240266
threshold_m: 3.0075894339345695e-06
almen_intensity_MPa: -2126.771
