n_shots: 119
distribution: checkerboard
coverage_fraction: 0.9793659076411
coverage_percent: 97.93659076411
coverage_fraction_nodes: 0.19261822376009227
n_peened: 501
n_total: 2601
avrami_k: 0.032611853800503236
threshold_m: 8.152616458696648e-06
almen_intensity_MPa: -5524.932
