n_shots: 108
distribution: checkerboard
coverage_fraction: 0.7664521576224435
coverage_percent: 76.64521576224435
coverage_fraction_nodes: 0.0592079969242599
n_peened: 154
n_total: 2601
avrami_k: 0.01346637343010678
threshold_m: 5.384944460573674e-06
almen_intensity_MPa: -2980.132
