n_shots: 58
distribution: checkerboard
coverage_fraction: 0.8110525054730029
coverage_percent: 81.10525054730029
coverage_fraction_nodes: 0.08458285274894271
n_peened: 220
n_total: 2601
avrami_k: 0.02872907084919653
threshold_m: 8.16692661339455e-06
almen_intensity_MPa: -3275.926
