n_shots: 51
distribution: checkerboard
coverage_fraction: 0.7777619032034409
coverage_percent: 77.77619032034409
coverage_fraction_nodes: 0.0784313725490196
n_peened: 204
n_total: 2601
avrami_k: 0.029490313014571723
threshold_m: 8.228726418567344e-06
almen_intensity_MPa: -3892.685
