n_shots: 85
distribution: checkerboard
coverage_fraction: 0.7214678187613075
coverage_percent: 72.14678187613075
coverage_fraction_nodes: 0.041906958861976165
n_peened: 109
n_total: 2601
avrami_k: 0.015037902050192807
threshold_m: 5.09405286485805e-06
almen_intensity_MPa: -2806.117
