n_shots: 42
distribution: checkerboard
coverage_fraction: 0.565436887109714
coverage_percent: 56.543688710971395
coverage_fraction_nodes: 0.03806228373702422
n_peened: 99
n_total: 2601
avrami_k: 0.019843192637196232
threshold_m: 6.6223346316090455e-06
almen_intensity_MPa: -2477.795
