n_shots: 30
distribution: checkerboard
coverage_fraction: 0.28365024838791886
coverage_percent: 28.365024838791886
coverage_fraction_nodes: 0.01768550557477893
n_peened: 46
n_total: 2601
avrami_k: 0.011119558379460692
threshold_m: 4.993455851097214e-06
almen_intensity_MPa: -2068.287
