n_shots: 95
distribution: checkerboard
coverage_fraction: 0.502800875783081
coverage_percent: 50.2800875783081
coverage_fraction_nodes: 0.020376778162245292
n_peened: 53
n_total: 2601
avrami_k: 0.007355417692392665
threshold_m: 3.5003315740564693e-06
almen_intensity_MPa: -2400.926
