n_shots: 31
distribution: checkerboard
coverage_fraction: 0.5089730600610607
coverage_percent: 50.89730600610607
coverage_fraction_nodes: 0.039600153787004995
n_peened: 103
n_total: 2601
avrami_k: 0.022943751135484972
threshold_m: 7.37644661507632e-06
almen_intensity_MPa: -2734.852
