n_shots: 81
distribution: checkerboard
coverage_fraction: 0.6138675898233499
coverage_percent: 61.38675898233499
coverage_fraction_nodes: 0.03690888119953864
n_peened: 96
n_total: 2601
avrami_k: 0.011747838725845058
threshold_m: 5.079708928365705e-06
almen_intensity_MPa: -2512.604
