n_shots: 69
distribution: checkerboard
coverage_fraction: 0.23514404803201816
coverage_percent: 23.514404803201817
coverage_fraction_nodes: 0.012687427912341407
n_peened: 33
n_total: 2601
avrami_k: 0.0038850400140142045
threshold_m: 3.051002404196884e-06
almen_intensity_MPa: -1525.925
