n_shots: 25
distribution: checkerboard
coverage_fraction: 0.5784494003649867
coverage_percent: 57.84494003649867
coverage_fraction_nodes: 0.031526336024605923
n_peened: 82
n_total: 2601
avrami_k: 0.0345526184864632
threshold_m: 7.748770967982207e-06
almen_intensity_MPa: -2239.343
