n_shots: 55
distribution: checkerboard
coverage_fraction: 0.5178460142103887
coverage_percent: 51.784601421038865
coverage_fraction_nodes: 0.028450595924644367
n_peened: 74
n_total: 2601
avrami_k: 0.013263486242899723
threshold_m: 4.867309331998255e-06
almen_intensity_MPa: -2390.417
