n_shots: 115
distribution: checkerboard
coverage_fraction: 0.47895862469743566
coverage_percent: 47.89586246974357
coverage_fraction_nodes: 0.031141868512110725
n_peened: 81
n_total: 2601
avrami_k: 0.00566892021925146
threshold_m: 3.2052307796925974e-06
almen_intensity_MPa: -3488.191
