n_shots: 105
distribution: checkerboard
coverage_fraction: 0.6163738946010472
coverage_percent: 61.63738946010472
coverage_fraction_nodes: 0.04267589388696655
n_peened: 111
n_total: 2601
avrami_k: 0.009124636996089133
threshold_m: 3.967571948448919e-06
almen_intensity_MPa: -2267.257
