n_shots: 40
distribution: checkerboard
coverage_fraction: 0.46997118401097626
coverage_percent: 46.99711840109762
coverage_fraction_nodes: 0.024605920799692427
n_peened: 64
n_total: 2601
avrami_k: 0.015870597603083552
threshold_m: 4.994467588152918e-06
almen_intensity_MPa: -2529.129
