n_shots: 113
distribution: checkerboard
coverage_fraction: 0.425516105418429
coverage_percent: 42.5516105418429
coverage_fraction_nodes: 0.019223375624759707
n_peened: 50
n_total: 2601
avrami_k: 0.0049051612025385275
threshold_m: 2.9782064927926526e-06
almen_intensity_MPa: -2566.695
