n_shots: 100
distribution: checkerboard
coverage_fraction: 0.6974898988878946
coverage_percent: 69.74898988878945
coverage_fraction_nodes: 0.04306036139946175
n_peened: 112
n_total: 2601
avrami_k: 0.01195640609962611
threshold_m: 4.956763428275472e-06
almen_intensity_MPa: -2346.846
