n_shots: 92
distribution: checkerboard
coverage_fraction: 0.7245526763396416
coverage_percent: 72.45526763396416
coverage_fraction_nodes: 0.06189926951172626
n_peened: 161
n_total: 2601
avrami_k: 0.014014770340820175
threshold_m: 5.6022307383908284e-06
almen_intensity_MPa: -3223.398
