n_shots: 111
distribution: checkerboard
coverage_fraction: 0.9461973032965408
coverage_percent: 94.61973032965409
coverage_fraction_nodes: 0.1057285659361784
n_peened: 275
n_total: 2601
avrami_k: 0.026328213409648474
threshold_m: 6.8603995462924655e-06
almen_intensity_MPa: -5074.437
