n_shots: 102
distribution: checkerboard
coverage_fraction: 0.5793369051485979
coverage_percent: 57.93369051485979
coverage_fraction_nodes: 0.03844675124951941
n_peened: 100
n_total: 2601
avrami_k: 0.008489441327741798
threshold_m: 4.434503365594481e-06
almen_intensity_MPa: -3887.415
