n_shots: 103
distribution: checkerboard
coverage_fraction: 0.9866899698196092
coverage_percent: 98.66899698196092
coverage_fraction_nodes: 0.16493656286043828
n_peened: 429
n_total: 2601
avrami_k: 0.04193434348621607
threshold_m: 8.346451245735749e-06
almen_intensity_MPa: -5517.105
