n_shots: 64
distribution: checkerboard
coverage_fraction: 0.4791808297255481
coverage_percent: 47.91808297255481
coverage_fraction_nodes: 0.02422145328719723
n_peened: 63
n_total: 2601
avrami_k: 0.010193005929413764
threshold_m: 4.241406465824555e-06
almen_intensity_MPa: -2238.916
