n_shots: 94
distribution: checkerboard
coverage_fraction: 0.7426719989956214
coverage_percent: 74.26719989956214
coverage_fraction_nodes: 0.0592079969242599
n_peened: 154
n_total: 2601
avrami_k: 0.014440465311975946
threshold_m: 5.771695261722827e-06
almen_intensity_MPa: -2352.196
