n_shots: 77
distribution: checkerboard
coverage_fraction: 0.631641547024317
coverage_percent: 63.164154702431695
coverage_fraction_nodes: 0.051134179161860825
n_peened: 133
n_total: 2601
avrami_k: 0.012970113738957838
threshold_m: 5.271063173470067e-06
almen_intensity_MPa: -3229.753
