n_shots: 104
distribution: checkerboard
coverage_fraction: 0.5732862469679916
coverage_percent: 57.32862469679916
coverage_fraction_nodes: 0.03498654363706267
n_peened: 91
n_total: 2601
avrami_k: 0.008188864020739269
threshold_m: 3.7411017705301193e-06
almen_intensity_MPa: -5845.694
