n_shots: 118
distribution: checkerboard
coverage_fraction: 0.9761147718691098
coverage_percent: 97.61147718691097
coverage_fraction_nodes: 0.1322568242983468
n_peened: 344
n_total: 2601
avrami_k: 0.03164826339801526
threshold_m: 7.114524875493667e-06
almen_intensity_MPa: -4546.487
