n_shots: 91
distribution: checkerboard
coverage_fraction: 0.5516400805368333
coverage_percent: 55.16400805368333
coverage_fraction_nodes: 0.02883506343713956
n_peened: 75
n_total: 2601
avrami_k: 0.008814933818182791
threshold_m: 4.280617533983995e-06
almen_intensity_MPa: -1869.461
