n_shots: 21
distribution: checkerboard
coverage_fraction: 0.17195283691319374
coverage_percent: 17.195283691319375
coverage_fraction_nodes: 0.008458285274894272
n_peened: 22
n_total: 2601
avrami_k: 0.008985007903299274
threshold_m: 4.50990829008365e-06
almen_intensity_MPa: -1642.128
