n_shots: 79
distribution: checkerboard
coverage_fraction: 0.8148618483694074
coverage_percent: 81.48618483694075
coverage_fraction_nodes: 0.06305267204921185
n_peened: 164
n_total: 2601
avrami_k: 0.021350037557262207
threshold_m: 5.948631295075329e-06
almen_intensity_MPa: -5822.323
