n_shots: 57
distribution: checkerboard
coverage_fraction: 0.8440234839344813
coverage_percent: 84.40234839344814
coverage_fraction_nodes: 0.08804306036139946
n_peened: 229
n_total: 2601
avrami_k: 0.03259736528256378
threshold_m: 8.02421359271723e-06
almen_intensity_MPa: -3584.214
