n_shots: 64
distribution: checkerboard
coverage_fraction: 0.6174523627402104
coverage_percent: 61.74523627402104
coverage_fraction_nodes: 0.05497885428681276
n_peened: 143
n_total: 2601
avrami_k: 0.01501409518147782
threshold_m: 5.927762518596e-06
almen_intensity_MPa: -2722.988
