n_shots: 120
distribution: checkerboard
coverage_fraction: 0.9877934199889739
coverage_percent: 98.77934199889738
coverage_fraction_nodes: 0.170319108035371
n_peened: 443
n_total: 2601
avrami_k: 0.03671483439559317
threshold_m: 7.576399152750467e-06
almen_intensity_MPa: -5959.427
