n_shots: 93
distribution: checkerboard
coverage_fraction: 0.395259457431657
coverage_percent: 39.5259457431657
coverage_fraction_nodes: 0.027297193387158785
n_peened: 71
n_total: 2601
avrami_k: 0.005408126539730636
threshold_m: 3.600317056970855e-06
almen_intensity_MPa: -2055.006
