n_shots: 96
distribution: checkerboard
coverage_fraction: 0.5428488761068389
coverage_percent: 54.28488761068388
coverage_fraction_nodes: 0.027297193387158785
n_peened: 71
n_total: 2601
avrami_k: 0.008153554748925493
threshold_m: 3.636902634783062e-06
almen_intensity_MPa: -2833.056
