n_shots: 25
distribution: checkerboard
coverage_fraction: 0.26309560926336306
coverage_percent: 26.309560926336307
coverage_fraction_nodes: 0.014609765474817378
n_peened: 38
n_total: 2601
avrami_k: 0.012211884913529168
threshold_m: 5.244486436691026e-06
almen_intensity_MPa: -2779.453
