n_shots: 20
distribution: checkerboard
coverage_fraction: 0.16401620966968622
coverage_percent: 16.401620966968622
coverage_fraction_nodes: 0.008842752787389465
n_peened: 23
n_total: 2601
avrami_k: 0.00895730278212281
threshold_m: 4.20521382153613e-06
almen_intensity_MPa: -1880.162
