n_shots: 106
distribution: checkerboard
coverage_fraction: 0.8813835079023491
coverage_percent: 88.13835079023491
coverage_fraction_nodes: 0.08650519031141868
n_peened: 225
n_total: 2601
avrami_k: 0.02011188439257889
threshold_m: 6.193889438119168e-06
almen_intensity_MPa: -4473.078
