n_shots: 94
distribution: checkerboard
coverage_fraction: 0.902548489920478
coverage_percent: 90.2548489920478
coverage_fraction_nodes: 0.12648981161091888
n_peened: 329
n_total: 2601
avrami_k: 0.02477021656603079
threshold_m: 7.41794015300133e-06
almen_intensity_MPa: -4139.975
