n_shots: 86
distribution: checkerboard
coverage_fraction: 0.19256942562823642
coverage_percent: 19.256942562823642
coverage_fraction_nodes: 0.008073817762399077
n_peened: 21
n_total: 2601
avrami_k: 0.002487188413856679
threshold_m: 2.295514131694127e-06
almen_intensity_MPa: -1221.751
