n_shots: 53
distribution: checkerboard
coverage_fraction: 0.29791188367289845
coverage_percent: 29.791188367289845
coverage_fraction_nodes: 0.014994232987312572
n_peened: 39
n_total: 2601
avrami_k: 0.0066735162452840405
threshold_m: 3.470314429461178e-06
almen_intensity_MPa: -2721.811
