n_shots: 38
distribution: checkerboard
coverage_fraction: 0.7110159504097048
coverage_percent: 71.10159504097048
coverage_fraction_nodes: 0.05344098423683199
n_peened: 139
n_total: 2601
avrami_k: 0.03266799431899754
threshold_m: 7.518035997202617e-06
almen_intensity_MPa: -3080.816
