n_shots: 45
distribution: checkerboard
coverage_fraction: 0.6239184150298298
coverage_percent: 62.391841502982984
coverage_fraction_nodes: 0.04459823144944252
n_peened: 116
n_total: 2601
avrami_k: 0.021732203951680816
threshold_m: 6.516190661761481e-06
almen_intensity_MPa: -2954.038
