n_shots: 28
distribution: checkerboard
coverage_fraction: 0.14467280708751495
coverage_percent: 14.467280708751495
coverage_fraction_nodes: 0.005382545174932718
n_peened: 14
n_total: 2601
avrami_k: 0.005581114338585048
threshold_m: 3.261269514040078e-06
almen_intensity_MPa: -1412.606
