n_shots: 61
distribution: checkerboard
coverage_fraction: 0.30605459502760723
coverage_percent: 30.605459502760723
coverage_fraction_nodes: 0.016147635524798153
n_peened: 42
n_total: 2601
avrami_k: 0.005989540799287081
threshold_m: 3.3517873170930558e-06
almen_intensity_MPa: -2690.575
