n_shots: 86
distribution: checkerboard
coverage_fraction: 0.5239460101130919
coverage_percent: 52.39460101130919
coverage_fraction_nodes: 0.02883506343713956
n_peened: 75
n_total: 2601
avrami_k: 0.008630511709890556
threshold_m: 4.161800248945803e-06
almen_intensity_MPa: -2692.168
