n_shots: 67
distribution: checkerboard
coverage_fraction: 0.8220633226893418
coverage_percent: 82.20633226893418
coverage_fraction_nodes: 0.09034986543637062
n_peened: 235
n_total: 2601
avrami_k: 0.025766082648182302
threshold_m: 7.6085397045633406e-06
almen_intensity_MPa: -4461.275
