n_shots: 105
distribution: checkerboard
coverage_fraction: 0.989838232274592
coverage_percent: 98.9838232274592
coverage_fraction_nodes: 0.19915417147251058
n_peened: 518
n_total: 2601
avrami_k: 0.04370593203090305
threshold_m: 8.914892830002777e-06
almen_intensity_MPa: -5869.554
