n_shots: 85
distribution: checkerboard
coverage_fraction: 0.3607691075467251
coverage_percent: 36.07691075467251
coverage_fraction_nodes: 0.01768550557477893
n_peened: 46
n_total: 2601
avrami_k: 0.005264583009733441
threshold_m: 3.2079852401402897e-06
almen_intensity_MPa: -2554.492
