n_shots: 52
distribution: checkerboard
coverage_fraction: 0.5228042555468801
coverage_percent: 52.280425554688016
coverage_fraction_nodes: 0.027297193387158785
n_peened: 71
n_total: 2601
avrami_k: 0.014227471279634096
threshold_m: 5.6380740754463876e-06
almen_intensity_MPa: -1822.385
