n_shots: 56
distribution: checkerboard
coverage_fraction: 0.7250594244723783
coverage_percent: 72.50594244723783
coverage_fraction_nodes: 0.048827374086889655
n_peened: 127
n_total: 2601
avrami_k: 0.02305714810101111
threshold_m: 6.4261955406154405e-06
almen_intensity_MPa: -2588.358
