n_shots: 90
distribution: checkerboard
coverage_fraction: 0.8079879315623313
coverage_percent: 80.79879315623313
coverage_fraction_nodes: 0.06997308727412534
n_peened: 182
n_total: 2601
avrami_k: 0.018335522805372755
threshold_m: 5.377431943066993e-06
almen_intensity_MPa: -3451.579
