n_shots: 101
distribution: checkerboard
coverage_fraction: 0.9782654260070784
coverage_percent: 97.82654260070784
coverage_fraction_nodes: 0.15570934256055363
n_peened: 405
n_total: 2601
avrami_k: 0.037909415987951334
threshold_m: 7.87236793755173e-06
almen_intensity_MPa: -5846.473
