n_shots: 40
distribution: checkerboard
coverage_fraction: 0.1220011468750759
coverage_percent: 12.20011468750759
coverage_fraction_nodes: 0.0030757400999615533
n_peened: 8
n_total: 2601
avrami_k: 0.0032527497895930763
threshold_m: 2.782154952375694e-06
almen_intensity_MPa: -1048.112
