n_shots: 83
distribution: checkerboard
coverage_fraction: 0.20888314995536827
coverage_percent: 20.888314995536827
coverage_fraction_nodes: 0.011534025374855825
n_peened: 30
n_total: 2601
avrami_k: 0.0028230072008282826
threshold_m: 2.481289980501382e-06
almen_intensity_MPa: -1788.046
