n_shots: 115
distribution: checkerboard
coverage_fraction: 0.3848448329581088
coverage_percent: 38.484483295810875
coverage_fraction_nodes: 0.019992310649750097
n_peened: 52
n_total: 2601
avrami_k: 0.004225049903180851
threshold_m: 3.1445777921575073e-06
almen_intensity_MPa: -2672.175
