n_shots: 24
distribution: checkerboard
coverage_fraction: 0.1762762105046043
coverage_percent: 17.62762105046043
coverage_fraction_nodes: 0.00922722029988466
n_peened: 24
n_total: 2601
avrami_k: 0.008080000507921986
threshold_m: 4.090902574581108e-06
almen_intensity_MPa: -1521.978
