n_shots: 55
distribution: checkerboard
coverage_fraction: 0.45072745901353406
coverage_percent: 45.07274590135341
coverage_fraction_nodes: 0.030757400999615533
n_peened: 80
n_total: 2601
avrami_k: 0.010893827799721909
threshold_m: 4.856920993884515e-06
almen_intensity_MPa: -2583.925
