n_shots: 107
distribution: checkerboard
coverage_fraction: 0.9190301332142857
coverage_percent: 91.90301332142857
coverage_fraction_nodes: 0.1118800461361015
n_peened: 291
n_total: 2601
avrami_k: 0.023492319705753495
threshold_m: 6.423594719552515e-06
almen_intensity_MPa: -5722.017
