n_shots: 95
distribution: checkerboard
coverage_fraction: 0.40993885409278863
coverage_percent: 40.99388540927886
coverage_fraction_nodes: 0.018069973087274125
n_peened: 47
n_total: 2601
avrami_k: 0.005552938003383806
threshold_m: 2.996229369349364e-06
almen_intensity_MPa: -1754.146
