n_shots: 38
distribution: checkerboard
coverage_fraction: 0.13596928664805819
coverage_percent: 13.59692866480582
coverage_fraction_nodes: 0.006535947712418301
n_peened: 17
n_total: 2601
avrami_k: 0.003845972709180209
threshold_m: 2.9056063848739805e-06
almen_intensity_MPa: -1895.832
