n_shots: 109
distribution: checkerboard
coverage_fraction: 0.9758801327862501
coverage_percent: 97.58801327862501
coverage_fraction_nodes: 0.1522491349480969
n_peened: 396
n_total: 2601
avrami_k: 0.03417173772818856
threshold_m: 7.716238139253278e-06
almen_intensity_MPa: -5769.822
