n_shots: 31
distribution: checkerboard
coverage_fraction: 0.5726914783697734
coverage_percent: 57.26914783697734
coverage_fraction_nodes: 0.040369088811995385
n_peened: 105
n_total: 2601
avrami_k: 0.027427386889129542
threshold_m: 7.330112875605565e-06
almen_intensity_MPa: -2643.907
