n_shots: 102
distribution: checkerboard
coverage_fraction: 0.8517683135069795
coverage_percent: 85.17683135069795
coverage_fraction_nodes: 0.08765859284890427
n_peened: 228
n_total: 2601
avrami_k: 0.018715478235091135
threshold_m: 6.508154041372979e-06
almen_intensity_MPa: -3078.088
