n_shots: 80
distribution: checkerboard
coverage_fraction: 0.8968531300841929
coverage_percent: 89.68531300841929
coverage_fraction_nodes: 0.10303729334871203
n_peened: 268
n_total: 2601
avrami_k: 0.028395017311256293
threshold_m: 7.301062498149722e-06
almen_intensity_MPa: -5080.150
