n_shots: 56
distribution: checkerboard
coverage_fraction: 0.516146155914514
coverage_percent: 51.6146155914514
coverage_fraction_nodes: 0.03767781622452903
n_peened: 98
n_total: 2601
avrami_k: 0.012963792730341666
threshold_m: 5.407182400728182e-06
almen_intensity_MPa: -2830.551
