n_shots: 83
distribution: checkerboard
coverage_fraction: 0.4979722557105788
coverage_percent: 49.79722557105788
coverage_fraction_nodes: 0.028450595924644367
n_peened: 74
n_total: 2601
avrami_k: 0.008302408353117989
threshold_m: 4.030839760448624e-06
almen_intensity_MPa: -2291.430
