n_shots: 45
distribution: checkerboard
coverage_fraction: 0.7402170864844964
coverage_percent: 74.02170864844963
coverage_fraction_nodes: 0.06728181468665898
n_peened: 175
n_total: 2601
avrami_k: 0.029953532105492113
threshold_m: 7.880158312177e-06
almen_intensity_MPa: -3567.681
