n_shots: 48
distribution: checkerboard
coverage_fraction: 0.7215968879158323
coverage_percent: 72.15968879158324
coverage_fraction_nodes: 0.05651672433679354
n_peened: 147
n_total: 2601
avrami_k: 0.026639274419189684
threshold_m: 7.499205786479471e-06
almen_intensity_MPa: -2723.210
