n_shots: 60
distribution: checkerboard
coverage_fraction: 0.1520097996876686
coverage_percent: 15.200979968766859
coverage_fraction_nodes: 0.0057670126874279125
n_peened: 15
n_total: 2601
avrami_k: 0.0027481033248744338
threshold_m: 2.4037349269916484e-06
almen_intensity_MPa: -1405.855
