n_shots: 29
distribution: checkerboard
coverage_fraction: 0.23336179142270097
coverage_percent: 23.336179142270097
coverage_fraction_nodes: 0.016916570549788543
n_peened: 44
n_total: 2601
avrami_k: 0.009163458126515284
threshold_m: 4.698806319876964e-06
almen_intensity_MPa: -1532.277
