n_shots: 50
distribution: checkerboard
coverage_fraction: 0.15012922540079465
coverage_percent: 15.012922540079465
coverage_fraction_nodes: 0.0057670126874279125
n_peened: 15
n_total: 2601
avrami_k: 0.003253419418775537
threshold_m: 2.6021275217166655e-06
almen_intensity_MPa: -1484.665
