n_shots: 40
distribution: checkerboard
coverage_fraction: 0.407824219833716
coverage_percent: 40.7824219833716
coverage_fraction_nodes: 0.01845444059976932
n_peened: 48
n_total: 2601
avrami_k: 0.013098794055383953
threshold_m: 4.82219424822039e-06
almen_intensity_MPa: -2277.716
