n_shots: 28
distribution: checkerboard
coverage_fraction: 0.2739824524470724
coverage_percent: 27.39824524470724
coverage_fraction_nodes: 0.01845444059976932
n_peened: 48
n_total: 2601
avrami_k: 0.011435039080940687
threshold_m: 5.123523207615699e-06
almen_intensity_MPa: -1909.698
