n_shots: 59
distribution: checkerboard
coverage_fraction: 0.3639957127201987
coverage_percent: 36.39957127201987
coverage_fraction_nodes: 0.01384083044982699
n_peened: 36
n_total: 2601
avrami_k: 0.00767033855353828
threshold_m: 3.9111535911335574e-06
almen_intensity_MPa: -1710.789
