n_shots: 114
distribution: checkerboard
coverage_fraction: 0.8921767585265528
coverage_percent: 89.21767585265528
coverage_fraction_nodes: 0.11418685121107267
n_peened: 297
n_total: 2601
avrami_k: 0.019537386365449484
threshold_m: 6.308172681961749e-06
almen_intensity_MPa: -4247.720
