n_shots: 103
distribution: checkerboard
coverage_fraction: 0.7998044852275924
coverage_percent: 79.98044852275925
coverage_fraction_nodes: 0.0722798923490965
n_peened: 188
n_total: 2601
avrami_k: 0.015616124428021476
threshold_m: 5.837171324986782e-06
almen_intensity_MPa: -4263.675
