n_shots: 60
distribution: checkerboard
coverage_fraction: 0.48376995811055445
coverage_percent: 48.376995811055444
coverage_fraction_nodes: 0.0330642060745867
n_peened: 86
n_total: 2601
avrami_k: 0.011020046587208614
threshold_m: 4.9622282728393865e-06
almen_intensity_MPa: -2216.846
