n_shots: 43
distribution: checkerboard
coverage_fraction: 0.2940509853165938
coverage_percent: 29.40509853165938
coverage_fraction_nodes: 0.01384083044982699
n_peened: 36
n_total: 2601
avrami_k: 0.008097959564162649
threshold_m: 4.124125337312687e-06
almen_intensity_MPa: -1575.535
