n_shots: 57
distribution: checkerboard
coverage_fraction: 0.10361671020162955
coverage_percent: 10.361671020162955
coverage_fraction_nodes: 0.004229142637447136
n_peened: 11
n_total: 2601
avrami_k: 0.0019190733102744707
threshold_m: 2.143872857592239e-06
almen_intensity_MPa: -1241.620
