n_shots: 37
distribution: checkerboard
coverage_fraction: 0.20058525559419316
coverage_percent: 20.058525559419316
coverage_fraction_nodes: 0.007689350249903883
n_peened: 20
n_total: 2601
avrami_k: 0.006050686176607967
threshold_m: 3.5316102352802728e-06
almen_intensity_MPa: -1701.496
