n_shots: 48
distribution: checkerboard
coverage_fraction: 0.48809647790227295
coverage_percent: 48.809647790227295
coverage_fraction_nodes: 0.02768166089965398
n_peened: 72
n_total: 2601
avrami_k: 0.013950398022943964
threshold_m: 5.2697882718403366e-06
almen_intensity_MPa: -2264.930
