n_shots: 80
distribution: checkerboard
coverage_fraction: 0.8423842955758616
coverage_percent: 84.23842955758616
coverage_fraction_nodes: 0.08150711264898117
n_peened: 212
n_total: 2601
avrami_k: 0.02309494323951928
threshold_m: 6.9533263637559515e-06
almen_intensity_MPa: -2658.492
