n_shots: 22
distribution: checkerboard
coverage_fraction: 0.347591148036935
coverage_percent: 34.7591148036935
coverage_fraction_nodes: 0.014225297962322183
n_peened: 37
n_total: 2601
avrami_k: 0.019412901819135155
threshold_m: 6.010020323956138e-06
almen_intensity_MPa: -2191.014
