n_shots: 89
distribution: checkerboard
coverage_fraction: 0.6123217741543895
coverage_percent: 61.23217741543895
coverage_fraction_nodes: 0.041906958861976165
n_peened: 109
n_total: 2601
avrami_k: 0.010646961778219676
threshold_m: 4.871776090426594e-06
almen_intensity_MPa: -2717.962
