n_shots: 114
distribution: checkerboard
coverage_fraction: 0.8846407201376543
coverage_percent: 88.46407201376543
coverage_fraction_nodes: 0.07650903498654364
n_peened: 199
n_total: 2601
avrami_k: 0.01894477059640109
threshold_m: 6.026740174011607e-06
almen_intensity_MPa: -3845.806
