n_shots: 44
distribution: checkerboard
coverage_fraction: 0.2987762196304
coverage_percent: 29.877621963040003
coverage_fraction_nodes: 0.019992310649750097
n_peened: 52
n_total: 2601
avrami_k: 0.00806655028844367
threshold_m: 4.361402391159941e-06
almen_intensity_MPa: -1715.728
