n_shots: 109
distribution: checkerboard
coverage_fraction: 0.9605408583328939
coverage_percent: 96.05408583328939
coverage_fraction_nodes: 0.16224529027297194
n_peened: 422
n_total: 2601
avrami_k: 0.029655867253194877
threshold_m: 7.902682134232978e-06
almen_intensity_MPa: -6899.533
