n_shots: 98
distribution: checkerboard
coverage_fraction: 0.5599929549250369
coverage_percent: 55.999295492503684
coverage_fraction_nodes: 0.039600153787004995
n_peened: 103
n_total: 2601
avrami_k: 0.008377189190449046
threshold_m: 4.432889948534085e-06
almen_intensity_MPa: -3068.048
