n_shots: 29
distribution: checkerboard
coverage_fraction: 0.23620628497267082
coverage_percent: 23.62062849726708
coverage_fraction_nodes: 0.009611687812379853
n_peened: 25
n_total: 2601
avrami_k: 0.009291639061471315
threshold_m: 4.256042712032833e-06
almen_intensity_MPa: -1867.901
