n_shots: 23
distribution: checkerboard
coverage_fraction: 0.5560045115378844
coverage_percent: 55.60045115378844
coverage_fraction_nodes: 0.03344867358708189
n_peened: 87
n_total: 2601
avrami_k: 0.03530177729229992
threshold_m: 7.98681022114686e-06
almen_intensity_MPa: -1957.030
