n_shots: 83
distribution: checkerboard
coverage_fraction: 0.9177779053230485
coverage_percent: 91.77779053230485
coverage_fraction_nodes: 0.12187620146097655
n_peened: 317
n_total: 2601
avrami_k: 0.030100376160814568
threshold_m: 7.765617763769528e-06
almen_intensity_MPa: -7274.779
