n_shots: 50
distribution: checkerboard
coverage_fraction: 0.13557457388005312
coverage_percent: 13.55745738800531
coverage_fraction_nodes: 0.00461361014994233
n_peened: 12
n_total: 2601
avrami_k: 0.0029138048004077773
threshold_m: 2.562409004875526e-06
almen_intensity_MPa: -1617.969
