n_shots: 119
distribution: checkerboard
coverage_fraction: 0.8341405957954354
coverage_percent: 83.41405957954355
coverage_fraction_nodes: 0.08381391772395233
n_peened: 218
n_total: 2601
avrami_k: 0.0150976034632285
threshold_m: 6.006418735584238e-06
almen_intensity_MPa: -4022.349
