n_shots: 22
distribution: checkerboard
coverage_fraction: 0.18200237121560126
coverage_percent: 18.200237121560125
coverage_fraction_nodes: 0.012302960399846213
n_peened: 32
n_total: 2601
avrami_k: 0.009131629144553186
threshold_m: 4.662464887830106e-06
almen_intensity_MPa: -2095.398
