n_shots: 114
distribution: checkerboard
coverage_fraction: 0.6769096322265723
coverage_percent: 67.69096322265723
coverage_fraction_nodes: 0.040369088811995385
n_peened: 105
n_total: 2601
avrami_k: 0.009910729986853288
threshold_m: 4.313802210264318e-06
almen_intensity_MPa: -3048.948
