n_shots: 26
distribution: checkerboard
coverage_fraction: 0.30395575884922343
coverage_percent: 30.395575884922344
coverage_fraction_nodes: 0.01845444059976932
n_peened: 48
n_total: 2601
avrami_k: 0.013936232915233573
threshold_m: 5.324778118824377e-06
almen_intensity_MPa: -2080.991
