n_shots: 60
distribution: checkerboard
coverage_fraction: 0.7424107756426075
coverage_percent: 74.24107756426075
coverage_fraction_nodes: 0.06266820453671665
n_peened: 163
n_total: 2601
avrami_k: 0.022606485275626975
threshold_m: 6.80346085989718e-06
almen_intensity_MPa: -3601.804
