n_shots: 43
distribution: checkerboard
coverage_fraction: 0.3051429960798818
coverage_percent: 30.514299607988182
coverage_fraction_nodes: 0.016147635524798153
n_peened: 42
n_total: 2601
avrami_k: 0.008466260566091984
threshold_m: 4.374411565147496e-06
almen_intensity_MPa: -1772.741
