n_shots: 38
distribution: checkerboard
coverage_fraction: 0.5929349758541383
coverage_percent: 59.29349758541383
coverage_fraction_nodes: 0.025374855824682813
n_peened: 66
n_total: 2601
avrami_k: 0.023652166889852156
threshold_m: 6.189168817140731e-06
almen_intensity_MPa: -2003.614
