n_shots: 91
distribution: checkerboard
coverage_fraction: 0.6948247498673633
coverage_percent: 69.48247498673634
coverage_fraction_nodes: 0.03729334871203383
n_peened: 97
n_total: 2601
avrami_k: 0.0130425173273614
threshold_m: 4.6279838136925486e-06
almen_intensity_MPa: -2976.011
