n_shots: 77
distribution: checkerboard
coverage_fraction: 0.6564867338854856
coverage_percent: 65.64867338854856
coverage_fraction_nodes: 0.039600153787004995
n_peened: 103
n_total: 2601
avrami_k: 0.013877007112269753
threshold_m: 4.724583656311886e-06
almen_intensity_MPa: -2453.002
