n_shots: 112
distribution: checkerboard
coverage_fraction: 0.9385151206077496
coverage_percent: 93.85151206077495
coverage_fraction_nodes: 0.11341791618608228
n_peened: 295
n_total: 2601
avrami_k: 0.024901464267318776
threshold_m: 6.916325199361119e-06
almen_intensity_MPa: -4961.237
