n_shots: 88
distribution: checkerboard
coverage_fraction: 0.41311432887367905
coverage_percent: 41.31143288736791
coverage_fraction_nodes: 0.019223375624759707
n_peened: 50
n_total: 2601
avrami_k: 0.006055968707068984
threshold_m: 3.3099776520799454e-06
almen_intensity_MPa: -1816.386
