n_shots: 87
distribution: checkerboard
coverage_fraction: 0.8502224156497362
coverage_percent: 85.02224156497363
coverage_fraction_nodes: 0.08035371011149559
n_peened: 209
n_total: 2601
avrami_k: 0.021823032830769282
threshold_m: 6.637632451459602e-06
almen_intensity_MPa: -3090.866
