n_shots: 68
distribution: checkerboard
coverage_fraction: 0.24547753204622935
coverage_percent: 24.547753204622936
coverage_fraction_nodes: 0.010380622837370242
n_peened: 27
n_total: 2601
avrami_k: 0.004142209156139906
threshold_m: 3.0378915330148504e-06
almen_intensity_MPa: -1570.894
