n_shots: 120
distribution: checkerboard
coverage_fraction: 0.7978188262017928
coverage_percent: 79.78188262017927
coverage_fraction_nodes: 0.06305267204921185
n_peened: 164
n_total: 2601
avrami_k: 0.01332159236303557
threshold_m: 4.967024539850018e-06
almen_intensity_MPa: -2929.500
