n_shots: 49
distribution: checkerboard
coverage_fraction: 0.36662029849703104
coverage_percent: 36.6620298497031
coverage_fraction_nodes: 0.015763168012302962
n_peened: 41
n_total: 2601
avrami_k: 0.009320105964820894
threshold_m: 4.229205030929387e-06
almen_intensity_MPa: -2146.193
