n_shots: 116
distribution: checkerboard
coverage_fraction: 0.724853211408155
coverage_percent: 72.4853211408155
coverage_fraction_nodes: 0.04690503652441369
n_peened: 122
n_total: 2601
avrami_k: 0.011124573681259096
threshold_m: 4.435753543079275e-06
almen_intensity_MPa: -2958.122
