n_shots: 99
distribution: checkerboard
coverage_fraction: 0.8933862964112771
coverage_percent: 89.33862964112771
coverage_fraction_nodes: 0.09957708573625529
n_peened: 259
n_total: 2601
avrami_k: 0.022611547717408777
threshold_m: 6.493844571174401e-06
almen_intensity_MPa: -4547.435
