n_shots: 104
distribution: checkerboard
coverage_fraction: 0.9359273421163469
coverage_percent: 93.59273421163469
coverage_fraction_nodes: 0.07574009996155324
n_peened: 197
n_total: 2601
avrami_k: 0.026420553462814966
threshold_m: 6.470861656036659e-06
almen_intensity_MPa: -3850.524
