n_shots: 52
distribution: checkerboard
coverage_fraction: 0.5936966063205967
coverage_percent: 59.36966063205967
coverage_fraction_nodes: 0.03729334871203383
n_peened: 97
n_total: 2601
avrami_k: 0.017320290834211147
threshold_m: 5.894855107860633e-06
almen_intensity_MPa: -2354.221
