n_shots: 120
distribution: checkerboard
coverage_fraction: 0.9097273797175849
coverage_percent: 90.97273797175849
coverage_fraction_nodes: 0.0861207227989235
n_peened: 224
n_total: 2601
avrami_k: 0.020041008941048325
threshold_m: 5.658538151240439e-06
almen_intensity_MPa: -3133.921
