n_shots: 26
distribution: checkerboard
coverage_fraction: 0.20477162315594577
coverage_percent: 20.477162315594576
coverage_fraction_nodes: 0.006535947712418301
n_peened: 17
n_total: 2601
avrami_k: 0.008812536119631115
threshold_m: 3.7175719396045873e-06
almen_intensity_MPa: -2278.149
