n_shots: 79
distribution: checkerboard
coverage_fraction: 0.6949205623947119
coverage_percent: 69.4920562394712
coverage_fraction_nodes: 0.05382545174932718
n_peened: 140
n_total: 2601
avrami_k: 0.015027633988878015
threshold_m: 5.239128277468291e-06
almen_intensity_MPa: -3702.160
