n_shots: 91
distribution: checkerboard
coverage_fraction: 0.6880430636876307
coverage_percent: 68.80430636876306
coverage_fraction_nodes: 0.05190311418685121
n_peened: 135
n_total: 2601
avrami_k: 0.01280099038833817
threshold_m: 5.32697516273806e-06
almen_intensity_MPa: -3829.976
