n_shots: 73
distribution: checkerboard
coverage_fraction: 0.6199568021359663
coverage_percent: 61.99568021359663
coverage_fraction_nodes: 0.04267589388696655
n_peened: 111
n_total: 2601
avrami_k: 0.013253018549768002
threshold_m: 5.245747801284364e-06
almen_intensity_MPa: -2737.751
