n_shots: 79
distribution: checkerboard
coverage_fraction: 0.8564487802039165
coverage_percent: 85.64487802039164
coverage_fraction_nodes: 0.08919646289888504
n_peened: 232
n_total: 2601
avrami_k: 0.024570422469503545
threshold_m: 6.906155009241314e-06
almen_intensity_MPa: -3568.964
