n_shots: 45
distribution: checkerboard
coverage_fraction: 0.25639384190475123
coverage_percent: 25.639384190475123
coverage_fraction_nodes: 0.012302960399846213
n_peened: 32
n_total: 2601
avrami_k: 0.006583194260155493
threshold_m: 3.426364802051813e-06
almen_intensity_MPa: -2186.546
