n_shots: 65
distribution: checkerboard
coverage_fraction: 0.980156751240605
coverage_percent: 98.0156751240605
coverage_fraction_nodes: 0.14840445982314496
n_peened: 386
n_total: 2601
avrami_k: 0.06030602219349635
threshold_m: 9.589782461493934e-06
almen_intensity_MPa: -5678.387
