n_shots: 50
distribution: checkerboard
coverage_fraction: 0.17954628340019751
coverage_percent: 17.954628340019752
coverage_fraction_nodes: 0.008073817762399077
n_peened: 21
n_total: 2601
avrami_k: 0.003957955576368083
threshold_m: 2.5522157909211142e-06
almen_intensity_MPa: -1779.942
