n_shots: 71
distribution: checkerboard
coverage_fraction: 0.3932616082271603
coverage_percent: 39.32616082271603
coverage_fraction_nodes: 0.024605920799692427
n_peened: 64
n_total: 2601
avrami_k: 0.0070374305122650645
threshold_m: 3.997505623385802e-06
almen_intensity_MPa: -2414.571
