n_shots: 108
distribution: checkerboard
coverage_fraction: 0.9008739965332277
coverage_percent: 90.08739965332278
coverage_fraction_nodes: 0.07958477508650519
n_peened: 207
n_total: 2601
avrami_k: 0.021401513665113316
threshold_m: 5.893501349100845e-06
almen_intensity_MPa: -4570.158
