n_shots: 119
distribution: checkerboard
coverage_fraction: 0.9963436097901641
coverage_percent: 99.6343609790164
coverage_fraction_nodes: 0.2437524029219531
n_peened: 634
n_total: 2601
avrami_k: 0.047153604199412315
threshold_m: 9.036300486473355e-06
almen_intensity_MPa: -7656.710
