n_shots: 27
distribution: checkerboard
coverage_fraction: 0.12281627895756464
coverage_percent: 12.281627895756465
coverage_fraction_nodes: 0.004998077662437524
n_peened: 13
n_total: 2601
avrami_k: 0.0048532896471764455
threshold_m: 2.9099010887749056e-06
almen_intensity_MPa: -1653.519
