n_shots: 90
distribution: checkerboard
coverage_fraction: 0.7706731450850725
coverage_percent: 77.06731450850725
coverage_fraction_nodes: 0.07766243752402922
n_peened: 202
n_total: 2601
avrami_k: 0.016362299767037538
threshold_m: 5.963790839819301e-06
almen_intensity_MPa: -3928.031
