n_shots: 107
distribution: checkerboard
coverage_fraction: 0.33058780057860115
coverage_percent: 33.05878005786012
coverage_fraction_nodes: 0.01730103806228374
n_peened: 45
n_total: 2601
avrami_k: 0.003750983794009012
threshold_m: 2.903937668892887e-06
almen_intensity_MPa: -2860.802
