n_shots: 113
distribution: checkerboard
coverage_fraction: 0.7351878908509621
coverage_percent: 73.51878908509622
coverage_fraction_nodes: 0.0718954248366013
n_peened: 187
n_total: 2601
avrami_k: 0.011758714394248198
threshold_m: 5.111487902094863e-06
almen_intensity_MPa: -3678.366
