n_shots: 54
distribution: checkerboard
coverage_fraction: 0.8793071370416407
coverage_percent: 87.93071370416406
coverage_fraction_nodes: 0.08073817762399077
n_peened: 210
n_total: 2601
avrami_k: 0.03915752376012002
threshold_m: 8.460113076201072e-06
almen_intensity_MPa: -4168.458
