n_shots: 81
distribution: checkerboard
coverage_fraction: 0.8475790783869411
coverage_percent: 84.75790783869411
coverage_fraction_nodes: 0.10149942329873125
n_peened: 264
n_total: 2601
avrami_k: 0.023223572397853973
threshold_m: 7.130532112754469e-06
almen_intensity_MPa: -4550.640
