n_shots: 84
distribution: checkerboard
coverage_fraction: 0.6719340010753012
coverage_percent: 67.19340010753012
coverage_fraction_nodes: 0.03652441368704344
n_peened: 95
n_total: 2601
avrami_k: 0.013268338983397937
threshold_m: 4.622817476422337e-06
almen_intensity_MPa: -2832.212
