n_shots: 85
distribution: checkerboard
coverage_fraction: 0.173222544203682
coverage_percent: 17.3222544203682
coverage_fraction_nodes: 0.008458285274894272
n_peened: 22
n_total: 2601
avrami_k: 0.0022378790395591536
threshold_m: 2.184276272677436e-06
almen_intensity_MPa: -1464.200
