n_shots: 98
distribution: checkerboard
coverage_fraction: 0.9860970779041233
coverage_percent: 98.60970779041233
coverage_fraction_nodes: 0.18339100346020762
n_peened: 477
n_total: 2601
avrami_k: 0.043629145287900455
threshold_m: 8.693644046944581e-06
almen_intensity_MPa: -6774.033
