n_shots: 94
distribution: checkerboard
coverage_fraction: 0.8182045376418835
coverage_percent: 81.82045376418834
coverage_fraction_nodes: 0.07650903498654364
n_peened: 199
n_total: 2601
avrami_k: 0.01813694741570813
threshold_m: 6.22789635135693e-06
almen_intensity_MPa: -3779.394
