n_shots: 86
distribution: checkerboard
coverage_fraction: 0.6078090714887397
coverage_percent: 60.78090714887397
coverage_fraction_nodes: 0.04229142637447136
n_peened: 110
n_total: 2601
avrami_k: 0.010883796456272112
threshold_m: 4.514259603461528e-06
almen_intensity_MPa: -2453.430
