n_shots: 98
distribution: checkerboard
coverage_fraction: 0.8725254015151397
coverage_percent: 87.25254015151397
coverage_fraction_nodes: 0.10226835832372165
n_peened: 266
n_total: 2601
avrami_k: 0.02101875675307988
threshold_m: 6.450485848145607e-06
almen_intensity_MPa: -4851.566
