n_shots: 80
distribution: checkerboard
coverage_fraction: 0.40872853205757087
coverage_percent: 40.87285320575709
coverage_fraction_nodes: 0.01768550557477893
n_peened: 46
n_total: 2601
avrami_k: 0.0065685003802349335
threshold_m: 3.595230624136902e-06
almen_intensity_MPa: -1983.550
