n_shots: 61
distribution: checkerboard
coverage_fraction: 0.9443896909391944
coverage_percent: 94.43896909391944
coverage_fraction_nodes: 0.12033833141099577
n_peened: 313
n_total: 2601
avrami_k: 0.04736699475655909
threshold_m: 8.75764440676092e-06
almen_intensity_MPa: -4942.465
