n_shots: 108
distribution: checkerboard
coverage_fraction: 0.4941864849518449
coverage_percent: 49.41864849518449
coverage_fraction_nodes: 0.02114571318723568
n_peened: 55
n_total: 2601
avrami_k: 0.0063109928237091995
threshold_m: 3.309355039474235e-06
almen_intensity_MPa: -2956.108
