n_shots: 32
distribution: checkerboard
coverage_fraction: 0.33389709881611984
coverage_percent: 33.389709881611985
coverage_fraction_nodes: 0.018069973087274125
n_peened: 47
n_total: 2601
avrami_k: 0.012697222315453498
threshold_m: 5.268509005172533e-06
almen_intensity_MPa: -2014.555
