n_shots: 91
distribution: checkerboard
coverage_fraction: 0.8802234212223456
coverage_percent: 88.02234212223456
coverage_fraction_nodes: 0.10918877354863514
n_peened: 284
n_total: 2601
avrami_k: 0.02332007818796295
threshold_m: 7.174112636533019e-06
almen_intensity_MPa: -4764.731
