n_shots: 23
distribution: checkerboard
coverage_fraction: 0.14386733666809837
coverage_percent: 14.386733666809837
coverage_fraction_nodes: 0.006920415224913495
n_peened: 18
n_total: 2601
avrami_k: 0.006753475405248429
threshold_m: 3.8117167811315756e-06
almen_intensity_MPa: -1225.052
