n_shots: 33
distribution: checkerboard
coverage_fraction: 0.6541033150765139
coverage_percent: 65.41033150765139
coverage_fraction_nodes: 0.03767781622452903
n_peened: 98
n_total: 2601
avrami_k: 0.03217015596972279
threshold_m: 7.2120426052119675e-06
almen_intensity_MPa: -2855.622
