n_shots: 104
distribution: checkerboard
coverage_fraction: 0.9284120369062551
coverage_percent: 92.8412036906255
coverage_fraction_nodes: 0.13302575932333718
n_peened: 346
n_total: 2601
avrami_k: 0.025354118580423086
threshold_m: 7.51393941607655e-06
almen_intensity_MPa: -4765.532
