n_shots: 68
distribution: checkerboard
coverage_fraction: 0.2823288825471397
coverage_percent: 28.232888254713973
coverage_fraction_nodes: 0.014994232987312572
n_peened: 39
n_total: 2601
avrami_k: 0.004878586302343725
threshold_m: 3.1235045722702644e-06
almen_intensity_MPa: -2310.190
