n_shots: 108
distribution: checkerboard
coverage_fraction: 0.8973240725492444
coverage_percent: 89.73240725492444
coverage_fraction_nodes: 0.07996924259900039
n_peened: 208
n_total: 2601
avrami_k: 0.02107571839168744
threshold_m: 5.8092125758913495e-06
almen_intensity_MPa: -3801.588
