n_shots: 24
distribution: checkerboard
coverage_fraction: 0.42973881995634966
coverage_percent: 42.97388199563497
coverage_fraction_nodes: 0.027297193387158785
n_peened: 71
n_total: 2601
avrami_k: 0.02340253385404446
threshold_m: 7.116807753261074e-06
almen_intensity_MPa: -2089.909
