n_shots: 108
distribution: checkerboard
coverage_fraction: 0.9483782763404058
coverage_percent: 94.83782763404058
coverage_fraction_nodes: 0.10649750096116878
n_peened: 277
n_total: 2601
avrami_k: 0.027442710129035337
threshold_m: 6.655801354994102e-06
almen_intensity_MPa: -5532.412
