n_shots: 27
distribution: checkerboard
coverage_fraction: 0.11678088091145467
coverage_percent: 11.678088091145467
coverage_fraction_nodes: 0.006920415224913495
n_peened: 18
n_total: 2601
avrami_k: 0.004599331710180627
threshold_m: 3.137213806522878e-06
almen_intensity_MPa: -1214.699
