n_shots: 76
distribution: checkerboard
coverage_fraction: 0.6213356655919021
coverage_percent: 62.133566559190214
coverage_fraction_nodes: 0.03498654363706267
n_peened: 91
n_total: 2601
avrami_k: 0.012777699046337656
threshold_m: 5.108069772883626e-06
almen_intensity_MPa: -2390.948
