n_shots: 98
distribution: checkerboard
coverage_fraction: 0.7762808318044605
coverage_percent: 77.62808318044605
coverage_fraction_nodes: 0.04728950403690888
n_peened: 123
n_total: 2601
avrami_k: 0.015279221705061298
threshold_m: 4.989195814750326e-06
almen_intensity_MPa: -2647.203
