n_shots: 72
distribution: checkerboard
coverage_fraction: 0.40505584339119594
coverage_percent: 40.50558433911959
coverage_fraction_nodes: 0.019992310649750097
n_peened: 52
n_total: 2601
avrami_k: 0.007212329615001327
threshold_m: 3.4619728381222357e-06
almen_intensity_MPa: -2103.408
