n_shots: 112
distribution: checkerboard
coverage_fraction: 0.7753004633506935
coverage_percent: 77.53004633506934
coverage_fraction_nodes: 0.06881968473663976
n_peened: 179
n_total: 2601
avrami_k: 0.013330278231061098
threshold_m: 4.877021463138471e-06
almen_intensity_MPa: -5197.681
