n_shots: 98
distribution: checkerboard
coverage_fraction: 0.8062954992302321
coverage_percent: 80.62954992302322
coverage_fraction_nodes: 0.06382160707420223
n_peened: 166
n_total: 2601
avrami_k: 0.016749198704728133
threshold_m: 5.228548762940608e-06
almen_intensity_MPa: -2845.389
