n_shots: 55
distribution: checkerboard
coverage_fraction: 0.18169132706706892
coverage_percent: 18.169132706706893
coverage_fraction_nodes: 0.007689350249903883
n_peened: 20
n_total: 2601
avrami_k: 0.003645739323355149
threshold_m: 2.7883916042814215e-06
almen_intensity_MPa: -1607.179
