n_shots: 97
distribution: checkerboard
coverage_fraction: 0.7297885665147774
coverage_percent: 72.97885665147774
coverage_fraction_nodes: 0.04690503652441369
n_peened: 122
n_total: 2601
avrami_k: 0.013490211746949402
threshold_m: 5.361270172979723e-06
almen_intensity_MPa: -2146.629
