n_shots: 38
distribution: checkerboard
coverage_fraction: 0.634053559913465
coverage_percent: 63.405355991346504
coverage_fraction_nodes: 0.04306036139946175
n_peened: 112
n_total: 2601
avrami_k: 0.026454428811860067
threshold_m: 7.284598646274947e-06
almen_intensity_MPa: -2695.941
