n_shots: 60
distribution: checkerboard
coverage_fraction: 0.28987316876225977
coverage_percent: 28.987316876225975
coverage_fraction_nodes: 0.012302960399846213
n_peened: 32
n_total: 2601
avrami_k: 0.005705194822568205
threshold_m: 3.187759082399261e-06
almen_intensity_MPa: -1633.423
